 TABLA DE DIFERENCIAS DIVIDIDAS :

 x		 f(x)		 DIFERENCIAS
    0.1000    0.9975   0.00000   0.00000   0.00000   0.00000   0.00000   0.00000   0.00000
    0.2000    0.9900  -0.07500   0.00000   0.00000   0.00000   0.00000   0.00000   0.00000
    0.4000    0.9604  -0.14800  -0.24333   0.00000   0.00000   0.00000   0.00000   0.00000
    0.7000    0.8812  -0.26400  -0.23200   0.01889   0.00000   0.00000   0.00000   0.00000
    1.0000    0.7652  -0.38667  -0.20444   0.03444   0.01728   0.00000   0.00000   0.00000
    1.2000    0.6711  -0.47050  -0.16767   0.04597   0.01153  -0.00523   0.00000   0.00000
    1.3000    0.6201  -0.51000  -0.13167   0.06000   0.01559   0.00369   0.00744   0.00000

 PARA x =    0.30000 la interpolacion es f(x) =    0.97762
